Code 시도 Y2010 Y2000 Y1990 Y1980
15   서울   963  985   1060  835
 1   부산   339  365    379  315
 4   대구   243  247    222  160
11   인천   263  246    181  108
 7   광주   146  135    113   72
 5   대전   149  136    104   65
16   울산   107  101     68   41
 8   경기  1119  893    615  493
 6   강원   146  148    157  179
 2   충북   149  146    138  142
 3   충남   200  184    201  295
13   전북   176  188    206  228
14   전남   172  199    250  377
 9   경북   257  271    286  495
10   경남   311  297    367  332
12   제주    52   51     51   46
